{
  "states": [
    "Rhythm-Check",
    "Axis-Determination",
    "P-wave-Analysis",
    "PR-interval-Assessment",
    "QRS-Analysis",
    "ST-segment-Evaluation",
    "T-wave-Examination",
    "QT-interval-Measurement",
    "Lead-by-Lead-Review"
  ],
  "observations": [
    "I",
    "II",
    "III",
    "aVR",
    "aVL",
    "aVF",
    "V1",
    "V2",
    "V3",
    "V4",
    "V5",
    "V6"
  ],
  "A": [
    [
      0.3173621027024169,
      0.5289015812576022,
      0.11111111111111112,
      5.288486963879635e-05,
      0.042360780580675876,
      5.288486963879635e-05,
      5.288486963879635e-05,
      5.288486963879635e-05,
      5.288486963879635e-05
    ],
    [
      0.08272597490420018,
      0.16537681268314675,
      0.5711172890525209,
      7.513712525358781e-05,
      0.18040423773386433,
      7.513712525358781e-05,
      7.513712525358781e-05,
      7.513712525358781e-05,
      7.513712525358781e-05
    ],
    [
      0.07384801126836141,
      6.707357971694951e-05,
      0.24153196056073514,
      0.5567777852303978,
      0.127506875041921,
      6.707357971694951e-05,
      6.707357971694951e-05,
      6.707357971694951e-05,
      6.707357971694951e-05
    ],
    [
      0.017464592927274307,
      8.688852202624035e-05,
      0.06959770614301851,
      0.2694413068033713,
      0.6430619515162047,
      8.688852202624035e-05,
      8.688852202624035e-05,
      8.688852202624035e-05,
      8.688852202624035e-05
    ],
    [
      3.447206039504981e-05,
      3.447206039504981e-05,
      3.447206039504981e-05,
      3.447206039504981e-05,
      0.2137612465097039,
      0.5791650866972319,
      0.08966182908752456,
      3.447206039504981e-05,
      0.11723947740356441
    ],
    [
      3.2670129700414915e-05,
      3.2670129700414915e-05,
      3.2670129700414915e-05,
      3.2670129700414915e-05,
      0.0817079943807377,
      0.23852461694272925,
      0.6109640955274592,
      3.2670129700414915e-05,
      0.06863994250057173
    ],
    [
      3.5830735605001975e-05,
      3.5830735605001975e-05,
      3.5830735605001975e-05,
      3.5830735605001975e-05,
      3.5830735605001975e-05,
      0.08602959618760973,
      0.236518685728618,
      0.5518291590526354,
      0.1254434053531119
    ],
    [
      0.029447792640501742,
      4.899799108236563e-05,
      4.899799108236563e-05,
      4.899799108236563e-05,
      4.899799108236563e-05,
      4.899799108236563e-05,
      0.08334558283110392,
      0.2940369444852761,
      0.5929246900877064
    ],
    [
      0.0627386596321644,
      1.8447121326716968e-05,
      1.8447121326716968e-05,
      1.8447121326716968e-05,
      0.15681897839842093,
      0.09963290228559835,
      1.8447121326716968e-05,
      1.8447121326716968e-05,
      0.6807172240771828
    ]
  ],
  "B": [
    [
      0.14058921507391217,
      0.44248386425150954,
      5.205080158234438e-05,
      5.205080158234438e-05,
      5.205080158234438e-05,
      0.07812825317509892,
      0.281126379346242,
      5.205080158234438e-05,
      5.205080158234438e-05,
      5.205080158234438e-05,
      0.05730793254216116,
      5.205080158234438e-05
    ],
    [
      0.2969157254561252,
      0.2027946713003186,
      0.04351288734433827,
      7.240081088908198e-05,
      0.12315377932232845,
      0.3331161309006662,
      7.240081088908198e-05,
      7.240081088908198e-05,
      7.240081088908198e-05,
      7.240081088908198e-05,
      7.240081088908198e-05,
      7.240081088908198e-05
    ],
    [
      0.16660005329070082,
      0.2598587796429524,
      0.14661604050093263,
      6.661337596589398e-05,
      0.13329336530775382,
      0.08666400213162806,
      0.2065680788702372,
      6.661337596589398e-05,
      6.661337596589398e-05,
      6.661337596589398e-05,
      6.661337596589398e-05,
      6.661337596589398e-05
    ],
    [
      0.14648639338615224,
      0.5081811918704788,
      8.611780916293489e-05,
      8.611780916293489e-05,
      8.611780916293489e-05,
      8.611780916293489e-05,
      0.21538064071650015,
      8.611780916293489e-05,
      8.611780916293489e-05,
      8.611780916293489e-05,
      0.12926283155356527,
      8.611780916293489e-05
    ],
    [
      0.030121690291521803,
      0.05686680930730142,
      3.343139876972453e-05,
      3.343139876972453e-05,
      3.343139876972453e-05,
      3.343139876972453e-05,
      0.16384728537041993,
      0.16719042524739236,
      0.14713158598555764,
      0.16050414549344746,
      0.1371021663546403,
      0.1371021663546403
    ],
    [
      3.114100647732935e-05,
      0.17442077727952168,
      0.11213876432486299,
      3.114100647732935e-05,
      3.114100647732935e-05,
      0.11213876432486299,
      3.114100647732935e-05,
      0.16819257598405582,
      0.17442077727952168,
      0.13393746885899355,
      0.07476955655206777,
      0.04985675137020429
    ],
    [
      0.0878360124273943,
      0.1790152640821289,
      3.377009320545725e-05,
      3.377009320545725e-05,
      0.11822909631230584,
      0.04393489126029988,
      3.377009320545725e-05,
      0.14186816155612592,
      0.128360124273943,
      0.1519991895177631,
      0.14862218019721737,
      3.377009320545725e-05
    ],
    [
      0.09766641874302714,
      0.38122908144291556,
      4.648568240981778e-05,
      4.648568240981778e-05,
      4.648568240981778e-05,
      4.648568240981778e-05,
      4.648568240981778e-05,
      4.648568240981778e-05,
      4.648568240981778e-05,
      0.18598921532168095,
      0.3347433990330978,
      4.648568240981778e-05
    ],
    [
      0.06034958284492865,
      0.05000689512514653,
      0.062073364131559,
      0.062073364131559,
      0.046559332551885824,
      0.05862580155829829,
      0.11895814659036062,
      0.11723436530373027,
      0.07931117699786253,
      0.12412949045025168,
      0.11206302144383921,
      0.10861545887057852
    ]
  ],
  "pi": [
    0.6794884603856529,
    0.15995603956439206,
    0.09001898291537618,
    0.020081926266360274,
    0.020081926266360274,
    0.020081926266360274,
    9.991008092716556e-05,
    0.010090918173643722,
    9.991008092716556e-05
  ],
  "smoothing_alpha": 0.01
}