{
  "states": [
    "Rhythm-Check",
    "Axis-Determination",
    "P-wave-Analysis",
    "PR-interval-Assessment",
    "QRS-Analysis",
    "ST-segment-Evaluation",
    "T-wave-Examination",
    "QT-interval-Measurement",
    "Lead-by-Lead-Review"
  ],
  "observations": [
    "I",
    "II",
    "III",
    "aVR",
    "aVL",
    "aVF",
    "V1",
    "V2",
    "V3",
    "V4",
    "V5",
    "V6"
  ],
  "A": [
    [
      0.29210201830099297,
      0.20773573885391655,
      0.03251346615614252,
      0.07794146278149135,
      0.07794146278149135,
      0.08443117658511261,
      0.058472321370627564,
      0.058472321370627564,
      0.11039003179959764
    ],
    [
      0.1470398024575225,
      0.23522840848962318,
      0.1587982832618026,
      0.07648891763184197,
      0.15291904285966254,
      0.03533423481686167,
      0.07648891763184197,
      0.06473043682756188,
      0.0529719560232818
    ],
    [
      0.05558331945138543,
      0.1888500194347271,
      0.28324726525626076,
      0.14442778610694654,
      0.061136098617358,
      0.05003054028541286,
      0.07224165694930314,
      0.05558331945138543,
      0.08889999444722084
    ],
    [
      0.05265675068152471,
      0.07178726864029844,
      0.14352671098569994,
      0.353962408532211,
      0.14830934047539338,
      0.03830886221244441,
      0.03830886221244441,
      0.05743938017121814,
      0.0957004160887656
    ],
    [
      0.02297216745380348,
      0.05506900820762072,
      0.05048374524278969,
      0.13760374157457933,
      0.30267320830849653,
      0.23847952680086207,
      0.045898482277958653,
      0.08716584896143795,
      0.059654271172451756
    ],
    [
      0.047902599819235475,
      0.06385241107980223,
      0.047902599819235475,
      0.047902599819235475,
      0.13828486362911374,
      0.2393003349460365,
      0.24461693869955875,
      0.06385241107980223,
      0.10638524110798023
    ],
    [
      0.07231019326870974,
      0.04220603287374316,
      0.048226864952736474,
      0.1325185140586429,
      0.05424769703172979,
      0.18670600276958277,
      0.2228309952435427,
      0.1626226744536095,
      0.07833102534770306
    ],
    [
      0.05559025608994379,
      0.06947046984523562,
      0.04865014921229788,
      0.07641057672288154,
      0.06947046984523562,
      0.06947046984523562,
      0.16663196613227846,
      0.27767367617461314,
      0.16663196613227846
    ],
    [
      0.09626383024212946,
      0.0535036613394623,
      0.15505906248329682,
      0.09091880912929606,
      0.09091880912929606,
      0.07488374579079589,
      0.06419370356512909,
      0.05884868245229569,
      0.3154096958682987
    ]
  ],
  "B": [
    [
      0.07831687936431497,
      0.09637611365278113,
      0.03617866602456057,
      0.19871177462075612,
      0.09637611365278113,
      0.04219841078738263,
      0.1324945822297135,
      0.05423790031302674,
      0.07229713460149292,
      0.03617866602456057,
      0.10841560317842526,
      0.048218155550204686
    ],
    [
      0.049746024734982346,
      0.06630962897526503,
      0.08839443462897528,
      0.07735203180212016,
      0.049746024734982346,
      0.06630962897526503,
      0.1436064487632509,
      0.12152164310954067,
      0.10495803886925797,
      0.0718308303886926,
      0.07735203180212016,
      0.08287323321554772
    ],
    [
      0.08108254105445119,
      0.1188958513396716,
      0.1351015557476232,
      0.06487683664649958,
      0.05407303370786518,
      0.10809204840103719,
      0.07027873811581678,
      0.06487683664649958,
      0.07568063958513399,
      0.09188634399308558,
      0.05407303370786518,
      0.08108254105445119
    ],
    [
      0.0990905816675671,
      0.09008643976229067,
      0.08108229785701423,
      0.0675760849990996,
      0.07658022690437602,
      0.08108229785701423,
      0.09008643976229067,
      0.05406987214118496,
      0.11709886547811996,
      0.09008643976229067,
      0.09008643976229067,
      0.06307401404646139
    ],
    [
      0.08017037786774629,
      0.1012567476383266,
      0.08017037786774629,
      0.1012567476383266,
      0.1223431174089069,
      0.02534581646423752,
      0.1012567476383266,
      0.05064946018893388,
      0.08860492577597842,
      0.10547402159244267,
      0.11390856950067478,
      0.02956309041835358
    ],
    [
      0.06566727236018577,
      0.11614173228346458,
      0.08585705632949729,
      0.13128407026044825,
      0.06566727236018577,
      0.06566727236018577,
      0.09090450232182518,
      0.13128407026044825,
      0.045477488390874225,
      0.07071471835251364,
      0.05052493438320211,
      0.08080961033716941
    ],
    [
      0.10343441304847234,
      0.09194808178267863,
      0.09769124741557549,
      0.08046175051688494,
      0.06897541925109123,
      0.10343441304847234,
      0.06323225361819437,
      0.05748908798529751,
      0.06897541925109123,
      0.09769124741557549,
      0.08620491614978179,
      0.08046175051688494
    ],
    [
      0.0709773078906653,
      0.09031717380092832,
      0.12255028365136669,
      0.07742392986075297,
      0.0709773078906653,
      0.08387055183084065,
      0.07742392986075297,
      0.07742392986075297,
      0.096763795771016,
      0.08387055183084065,
      0.06453068592057763,
      0.08387055183084065
    ],
    [
      0.07576216434484152,
      0.09090450232182518,
      0.11614173228346458,
      0.09090450232182518,
      0.07576216434484152,
      0.045477488390874225,
      0.06566727236018577,
      0.07576216434484152,
      0.10099939430648094,
      0.13633151625277612,
      0.045477488390874225,
      0.08080961033716941
    ]
  ],
  "pi": [
    0.22989309621340795,
    0.09001898291537618,
    0.08002797482265961,
    0.08002797482265961,
    0.2898391447697073,
    0.10000999100809273,
    0.020081926266360274,
    0.040063942451793386,
    0.07003696672994306
  ],
  "smoothing_alpha": 0.01
}